 0 8 1 0 0 0 0 0 0 6
 8 0 0 0 0 16 0 17 0 0
 1 0 0 14 3 0 0 0 0 7
 0 0 14 0 0 0 13 0 0 0
 0 0 3 0 0 0 0 0 0 0
 0 16 0 0 0 0 0 2 0 0
 0 0 0 13 0 0 0 0 0 0
 0 17 0 0 0 2 0 0 0 0
 0 0 0 0 0 0 0 0 0 0
 6 0 7 0 0 0 0 0 0 0

 1 1 1 0 0 0 0 0 0 0
 1 0 0 1 1 0 0 0 0 0
 0 1 0 0 0 1 1 1 0 0
 0 0 0 0 0 1 0 0 1 0
 0 0 0 0 0 0 1 0 0 0
 0 0 0 1 0 0 0 0 0 1
 0 0 0 0 0 0 0 0 1 0
 0 0 0 0 1 0 0 0 0 1
 0 0 0 0 0 0 0 0 0 0
 0 0 1 0 0 0 0 1 0 0

FirstPoint EndPoint Weight
1          2        8
1          3        1
1          10        6
2          6        16
2          8        17
3          4        14
3          5        3
3          10        7
4          7        13
6          8        2

Ker(1) = 2 3 10 
Ker(2) = 1 6 8 
Ker(3) = 1 4 5 10 
Ker(4) = 3 7 
Ker(5) = 3 
Ker(6) = 2 8 
Ker(7) = 4 
Ker(8) = 2 6 
Ker(9) = 
Ker(10) = 1 3 

